-2.08202e-01 -8.93403e-05 -6.99520e-06 6.77835e-06 -3.81618e-06 2.44258e-06 -1.69505e-06 5.71302e-07 1.39735e-06 -2.71915e-06 
-8.93403e-05 -9.14057e-01 1.84592e-04 -4.53437e-05 1.79332e-05 -1.00878e-05 7.25563e-06 -5.12679e-06 1.86147e-06 1.39735e-06 
-6.99520e-06 1.84592e-04 1.79849e-01 1.76544e-04 -3.45566e-05 1.53602e-05 -1.10393e-05 8.85945e-06 -5.12679e-06 5.71302e-07 
6.77835e-06 -4.53437e-05 1.76544e-04 8.77283e-01 6.13452e-05 -1.53632e-05 1.20195e-05 -1.10393e-05 7.25563e-06 -1.69505e-06 
-3.81618e-06 1.79332e-05 -3.45566e-05 6.13452e-05 9.98435e-01 1.26032e-05 -1.53632e-05 1.53602e-05 -1.00878e-05 2.44258e-06 
2.44258e-06 -1.00878e-05 1.53602e-05 -1.53632e-05 1.26032e-05 9.98435e-01 6.13452e-05 -3.45566e-05 1.79332e-05 -3.81618e-06 
-1.69505e-06 7.25563e-06 -1.10393e-05 1.20195e-05 -1.53632e-05 6.13452e-05 8.77283e-01 1.76544e-04 -4.53437e-05 6.77835e-06 
5.71302e-07 -5.12679e-06 8.85945e-06 -1.10393e-05 1.53602e-05 -3.45566e-05 1.76544e-04 1.79849e-01 1.84592e-04 -6.99520e-06 
1.39735e-06 1.86147e-06 -5.12679e-06 7.25563e-06 -1.00878e-05 1.79332e-05 -4.53437e-05 1.84592e-04 -9.14057e-01 -8.93403e-05 
-2.71915e-06 1.39735e-06 5.71302e-07 -1.69505e-06 2.44258e-06 -3.81618e-06 6.77835e-06 -6.99520e-06 -8.93403e-05 -2.08202e-01 
