4.28446e-02 8.48170e-02 1.25063e-01 1.62763e-01 1.97149e-01 2.27522e-01 2.53264e-01 2.73849e-01 2.88860e-01 2.97991e-01 3.01055e-01 2.97991e-01 2.88860e-01 2.73849e-01 2.53264e-01 2.27522e-01 1.97149e-01 1.62763e-01 1.25063e-01 8.48170e-02 4.28446e-02 
8.48393e-02 1.62805e-01 2.27582e-01 2.73921e-01 2.98069e-01 2.98069e-01 2.73921e-01 2.27582e-01 1.62805e-01 8.48393e-02 1.70609e-16 -8.48393e-02 -1.62805e-01 -2.27582e-01 -2.73921e-01 -2.98069e-01 -2.98069e-01 -2.73921e-01 -2.27582e-01 -1.62805e-01 -8.48393e-02 
1.25125e-01 2.27636e-01 2.89005e-01 2.98140e-01 2.53390e-01 1.62844e-01 4.28661e-02 -8.48595e-02 -1.97248e-01 -2.73986e-01 -3.01206e-01 -2.73986e-01 -1.97248e-01 -8.48595e-02 4.28661e-02 1.62844e-01 2.53390e-01 2.98140e-01 2.89005e-01 2.27636e-01 1.25125e-01 
1.62879e-01 2.74045e-01 2.98203e-01 2.27685e-01 8.48775e-02 -8.48775e-02 -2.27685e-01 -2.98203e-01 -2.74045e-01 -1.62879e-01 -3.41371e-16 1.62879e-01 2.74045e-01 2.98203e-01 2.27685e-01 8.48775e-02 -8.48775e-02 -2.27685e-01 -2.98203e-01 -2.74045e-01 -1.62879e-01 
1.97327e-01 2.98259e-01 2.53492e-01 8.48935e-02 -1.25176e-01 -2.74096e-01 -2.89121e-01 -1.62909e-01 4.28832e-02 2.27727e-01 3.01327e-01 2.27727e-01 4.28832e-02 -1.62909e-01 -2.89121e-01 -2.74096e-01 -1.25176e-01 8.48935e-02 2.53492e-01 2.98259e-01 1.97327e-01 
2.27764e-01 2.98308e-01 1.62936e-01 -8.49073e-02 -2.74141e-01 -2.74141e-01 -8.49073e-02 1.62936e-01 2.98308e-01 2.27764e-01 1.10724e-16 -2.27764e-01 -2.98308e-01 -1.62936e-01 8.49073e-02 2.74141e-01 2.74141e-01 8.49073e-02 -1.62936e-01 -2.98308e-01 -2.27764e-01 
2.53568e-01 2.74179e-01 4.28961e-02 -2.27796e-01 -2.89208e-01 -8.49190e-02 1.97386e-01 2.98349e-01 1.25213e-01 -1.62958e-01 -3.01417e-01 -1.62958e-01 1.25213e-01 2.98349e-01 1.97386e-01 -8.49190e-02 -2.89208e-01 -2.27796e-01 4.28961e-02 2.74179e-01 2.53568e-01 
2.74209e-01 2.27821e-01 -8.49286e-02 -2.98383e-01 -1.62977e-01 1.62977e-01 2.98383e-01 8.49286e-02 -2.27821e-01 -2.74209e-01 -6.83153e-16 2.74209e-01 2.27821e-01 -8.49286e-02 -2.98383e-01 -1.62977e-01 1.62977e-01 2.98383e-01 8.49286e-02 -2.27821e-01 -2.74209e-01 
2.89265e-01 1.62991e-01 -1.97426e-01 -2.74233e-01 4.29047e-02 2.98409e-01 1.25238e-01 -2.27841e-01 -2.53619e-01 8.49360e-02 3.01477e-01 8.49360e-02 -2.53619e-01 -2.27841e-01 1.25238e-01 2.98409e-01 4.29047e-02 -2.74233e-01 -1.97426e-01 1.62991e-01 2.89265e-01 
2.98427e-01 8.49413e-02 -2.74251e-01 -1.63001e-01 2.27856e-01 2.27856e-01 -1.63001e-01 -2.74251e-01 8.49413e-02 2.98427e-01 -3.50952e-16 -2.98427e-01 -8.49413e-02 2.74251e-01 1.63001e-01 -2.27856e-01 -2.27856e-01 1.63001e-01 2.74251e-01 -8.49413e-02 -2.98427e-01 
3.01508e-01 1.70820e-16 -3.01508e-01 -3.41641e-16 3.01508e-01 1.10772e-16 -3.01508e-01 -6.83281e-16 3.01508e-01 -3.50965e-16 -3.01508e-01 -2.21544e-16 3.01508e-01 2.58468e-16 -3.01508e-01 -1.36656e-15 3.01508e-01 -7.38854e-16 -3.01508e-01 7.01930e-16 3.01508e-01 
2.98442e-01 -8.49456e-02 -2.74264e-01 1.63009e-01 2.27867e-01 -2.27867e-01 -1.63009e-01 2.74264e-01 8.49456e-02 -2.98442e-01 -2.21547e-16 2.98442e-01 -8.49456e-02 -2.74264e-01 1.63009e-01 2.27867e-01 -2.27867e-01 -1.63009e-01 2.74264e-01 8.49456e-02 -2.98442e-01 
2.89294e-01 -1.63007e-01 -1.97445e-01 2.74261e-01 4.29090e-02 -2.98439e-01 1.25251e-01 2.27864e-01 -2.53644e-01 -8.49445e-02 3.01508e-01 -8.49445e-02 -2.53644e-01 2.27864e-01 1.25251e-01 -2.98439e-01 4.29090e-02 2.74261e-01 -1.97445e-01 -1.63007e-01 2.89294e-01 
2.74251e-01 -2.27856e-01 -8.49413e-02 2.98427e-01 -1.63001e-01 -1.63001e-01 2.98427e-01 -8.49413e-02 -2.27856e-01 2.74251e-01 2.58458e-16 -2.74251e-01 2.27856e-01 8.49413e-02 -2.98427e-01 1.63001e-01 1.63001e-01 -2.98427e-01 8.49413e-02 2.27856e-01 -2.74251e-01 
2.53619e-01 -2.74233e-01 4.29047e-02 2.27841e-01 -2.89265e-01 8.49360e-02 1.97426e-01 -2.98409e-01 1.25238e-01 1.62991e-01 -3.01477e-01 1.62991e-01 1.25238e-01 -2.98409e-01 1.97426e-01 8.49360e-02 -2.89265e-01 2.27841e-01 4.29047e-02 -2.74233e-01 2.53619e-01 
2.27821e-01 -2.98383e-01 1.62977e-01 8.49286e-02 -2.74209e-01 2.74209e-01 -8.49286e-02 -1.62977e-01 2.98383e-01 -2.27821e-01 -1.36631e-15 2.27821e-01 -2.98383e-01 1.62977e-01 8.49286e-02 -2.74209e-01 2.74209e-01 -8.49286e-02 -1.62977e-01 2.98383e-01 -2.27821e-01 
1.97386e-01 -2.98349e-01 2.53568e-01 -8.49190e-02 -1.25213e-01 2.74179e-01 -2.89208e-01 1.62958e-01 4.28961e-02 -2.27796e-01 3.01417e-01 -2.27796e-01 4.28961e-02 1.62958e-01 -2.89208e-01 2.74179e-01 -1.25213e-01 -8.49190e-02 2.53568e-01 -2.98349e-01 1.97386e-01 
1.62936e-01 -2.74141e-01 2.98308e-01 -2.27764e-01 8.49073e-02 8.49073e-02 -2.27764e-01 2.98308e-01 -2.74141e-01 1.62936e-01 -7.38530e-16 -1.62936e-01 2.74141e-01 -2.98308e-01 2.27764e-01 -8.49073e-02 -8.49073e-02 2.27764e-01 -2.98308e-01 2.74141e-01 -1.62936e-01 
1.25176e-01 -2.27727e-01 2.89121e-01 -2.98259e-01 2.53492e-01 -1.62909e-01 4.28832e-02 8.48935e-02 -1.97327e-01 2.74096e-01 -3.01327e-01 2.74096e-01 -1.97327e-01 8.48935e-02 4.28832e-02 -1.62909e-01 2.53492e-01 -2.98259e-01 2.89121e-01 -2.27727e-01 1.25176e-01 
8.48775e-02 -1.62879e-01 2.27685e-01 -2.74045e-01 2.98203e-01 -2.98203e-01 2.74045e-01 -2.27685e-01 1.62879e-01 -8.48775e-02 7.01377e-16 8.48775e-02 -1.62879e-01 2.27685e-01 -2.74045e-01 2.98203e-01 -2.98203e-01 2.74045e-01 -2.27685e-01 1.62879e-01 -8.48775e-02 
4.28661e-02 -8.48595e-02 1.25125e-01 -1.62844e-01 1.97248e-01 -2.27636e-01 2.53390e-01 -2.73986e-01 2.89005e-01 -2.98140e-01 3.01206e-01 -2.98140e-01 2.89005e-01 -2.73986e-01 2.53390e-01 -2.27636e-01 1.97248e-01 -1.62844e-01 1.25125e-01 -8.48595e-02 4.28661e-02 
